heatmap of random:

np.array([[0.000, 0.736, 0.714, 0.000, 0.000, 0.000, 0.000, 0.000, 0.000, 0.000, 0.768, 0.738, 0.000],
 [0.724, 0.732, 0.750, 0.728, 0.748, 0.744, 0.738, 0.740, 0.748, 0.724, 0.714, 0.746, 0.704],
 [0.732, 0.714, 0.746, 0.746, 0.760, 0.762, 0.758, 0.738, 0.752, 0.756, 0.764, 0.730, 0.736],
 [0.712, 0.730, 0.736, 0.748, 0.772, 0.698, 0.740, 0.742, 0.736, 0.752, 0.736, 0.714, 0.738],
 [0.000, 0.720, 0.726, 0.728, 0.722, 0.718, 0.738, 0.732, 0.738, 0.764, 0.740, 0.754, 0.000],
 [0.000, 0.000, 0.000, 0.722, 0.704, 0.728, 0.762, 0.736, 0.738, 0.736, 0.000, 0.000, 0.000]])

 11 v random
np.array([[0.000, 0.000, 0.000, 0.000, 0.000, 0.000, 0.000, 0.000, 0.000, 0.000, 0.004, 0.000, 0.000],
 [0.006, 0.000, 0.020, 0.002, 0.006, 0.826, 0.006, 0.334, 0.482, 0.214, 0.418, 0.002, 0.000],
 [0.002, 0.338, 0.542, 0.180, 0.550, 0.476, 0.538, 0.618, 0.546, 0.688, 0.430, 0.000, 0.002],
 [0.000, 0.002, 0.296, 0.694, 0.498, 0.520, 0.618, 0.900, 0.660, 0.984, 0.452, 0.348, 0.004],
 [0.000, 0.000, 0.332, 0.378, 0.744, 0.152, 0.550, 0.616, 0.378, 0.526, 0.506, 0.000, 0.000],
 [0.000, 0.000, 0.000, 0.002, 0.270, 0.000, 0.006, 0.690, 0.006, 0.260, 0.000, 0.000, 0.000]])

 11 v 11 
np.array([[0.000, 0.062, 0.060, 0.000, 0.000, 0.000, 0.000, 0.000, 0.000, 0.000, 0.062, 0.056, 0.000],
 [0.046, 0.062, 0.172, 0.046, 0.056, 0.538, 0.062, 0.450, 0.466, 0.356, 0.444, 0.052, 0.050],
 [0.048, 0.424, 0.474, 0.352, 0.510, 0.478, 0.480, 0.520, 0.468, 0.518, 0.434, 0.058, 0.070],
 [0.064, 0.056, 0.442, 0.434, 0.472, 0.530, 0.498, 0.516, 0.478, 0.480, 0.406, 0.382, 0.054],
 [0.000, 0.050, 0.452, 0.388, 0.514, 0.324, 0.470, 0.472, 0.416, 0.476, 0.490, 0.050, 0.000],
 [0.000, 0.000, 0.000, 0.066, 0.402, 0.066, 0.062, 0.514, 0.050, 0.388, 0.000, 0.000, 0.000]])

 2v1
np.array([[0.000, 0.040, 0.756, 0.000, 0.000, 0.000, 0.000, 0.000, 0.000, 0.000, 0.410, 0.062, 0.000]
        [0.042, 0.062, 0.064, 0.812, 0.880, 0.050, 0.066, 0.434, 0.048, 0.494, 0.576, 0.064, 0.872]
        [0.064, 0.060, 0.676, 0.076, 0.896, 0.822, 0.956, 0.274, 0.066, 0.102, 0.656, 0.838, 0.068]
        [0.936, 0.040, 0.072, 0.848, 0.070, 0.740, 0.856, 0.430, 0.714, 0.706, 0.052, 0.052, 0.054]
        [0.000, 0.052, 0.262, 0.052, 0.058, 0.072, 0.352, 0.062, 0.874, 0.072, 0.070, 0.046, 0.000]
        [0.000, 0.000, 0.000, 0.732, 0.044, 0.250, 0.202, 0.498, 0.844, 0.790, 0.000, 0.000, 0.000]])